Arguments set for running the script:

gre1_path: C:\Users\mmari\Desktop\work\BMX_7_1\M0w_mag.nii.gz
phase_image1: C:\Users\mmari\Desktop\work\BMX_7_1\M0w_pha.nii.gz
gre2_path: C:\Users\mmari\Desktop\work\BMX_7_1\T1w_mag.nii.gz
phase_image2: C:\Users\mmari\Desktop\work\BMX_7_1\T1w_pha.nii.gz
path_b1_noprep: C:\Users\mmari\Desktop\work\BMX_7_1\B1_1.nii.gz
path_b1_prep: C:\Users\mmari\Desktop\work\BMX_7_1\B1_2.nii.gz
path_epi_45: C:\Users\mmari\Desktop\work\BMX_7_1\B1_1.nii.gz
path_epi_90: C:\Users\mmari\Desktop\work\BMX_7_1\B1_2.nii.gz
FA1: 5
FA2: 32
TR1: 30
TR2: 30
nTE: 2
x0: 1000
Bias_field_corr_method: FSL
phantom: False
masking: True
b1plus_mapping: True
corr_for_imperfect_spoiling: True
Phantom_mask_threshold_B1mapping: 100
Phantom_mask_threshold_T1mapping: 100
spoil_increment: 50
slices: <built-in function all>
echotimes: [ 3.2  7.7 12.2 16.7 21.2 25.7]
QSM_average_echoes_qsm: [3, 4, 5, 6]
coregister_mGREs: False
complex_interpolation: False
B1map_orientation: Sag
B1 mapping method: Fast EPI
b1map_filename: B1_MAP_from_fast_EPI_standard
FA_list: [0.08726646259971647, 0.5585053606381855]
affine: [[ 1.55183212e-02  9.45534383e-02  9.95399066e-01 -9.53520966e+01]
 [-9.63378119e-01  2.67943563e-01 -1.04329805e-02  8.60935898e+01]
 [-2.67697183e-01 -9.58783549e-01  9.52487705e-02  9.28663483e+01]
 [ 0.00000000e+00  0.00000000e+00  0.00000000e+00  1.00000000e+00]]
b1plus: [[[1. 1. 1. ... 1. 1. 1.]
  [1. 1. 1. ... 1. 1. 1.]
  [1. 1. 1. ... 1. 1. 1.]
  ...
  [1. 1. 1. ... 1. 1. 1.]
  [1. 1. 1. ... 1. 1. 1.]
  [1. 1. 1. ... 1. 1. 1.]]

 [[1. 1. 1. ... 1. 1. 1.]
  [1. 1. 1. ... 1. 1. 1.]
  [1. 1. 1. ... 1. 1. 1.]
  ...
  [1. 1. 1. ... 1. 1. 1.]
  [1. 1. 1. ... 1. 1. 1.]
  [1. 1. 1. ... 1. 1. 1.]]

 [[1. 1. 1. ... 1. 1. 1.]
  [1. 1. 1. ... 1. 1. 1.]
  [1. 1. 1. ... 1. 1. 1.]
  ...
  [1. 1. 1. ... 1. 1. 1.]
  [1. 1. 1. ... 1. 1. 1.]
  [1. 1. 1. ... 1. 1. 1.]]

 ...

 [[1. 1. 1. ... 1. 1. 1.]
  [1. 1. 1. ... 1. 1. 1.]
  [1. 1. 1. ... 1. 1. 1.]
  ...
  [1. 1. 1. ... 1. 1. 1.]
  [1. 1. 1. ... 1. 1. 1.]
  [1. 1. 1. ... 1. 1. 1.]]

 [[1. 1. 1. ... 1. 1. 1.]
  [1. 1. 1. ... 1. 1. 1.]
  [1. 1. 1. ... 1. 1. 1.]
  ...
  [1. 1. 1. ... 1. 1. 1.]
  [1. 1. 1. ... 1. 1. 1.]
  [1. 1. 1. ... 1. 1. 1.]]

 [[1. 1. 1. ... 1. 1. 1.]
  [1. 1. 1. ... 1. 1. 1.]
  [1. 1. 1. ... 1. 1. 1.]
  ...
  [1. 1. 1. ... 1. 1. 1.]
  [1. 1. 1. ... 1. 1. 1.]
  [1. 1. 1. ... 1. 1. 1.]]]
gre_list: [array([[[[ 0.,  0.,  0.,  0.,  0.,  0.],
         [ 0.,  0.,  0.,  0.,  0.,  0.],
         [ 0.,  0.,  0.,  0.,  0.,  0.],
         ...,
         [ 0.,  0.,  0.,  0.,  0.,  0.],
         [ 0.,  0.,  0.,  0.,  0.,  0.],
         [ 0.,  0.,  0.,  0.,  0.,  0.]],

        [[ 0.,  0.,  0.,  0.,  0.,  0.],
         [ 0.,  0.,  0.,  0.,  0.,  0.],
         [ 0.,  0.,  0.,  0.,  0.,  0.],
         ...,
         [ 0.,  0.,  0.,  0.,  0.,  0.],
         [ 0.,  0.,  0.,  0.,  0.,  0.],
         [ 0.,  0.,  0.,  0.,  0.,  0.]],

        [[ 0.,  0.,  0.,  0.,  0.,  0.],
         [ 0.,  0.,  0.,  0.,  0.,  0.],
         [ 0.,  0.,  0.,  0.,  0.,  0.],
         ...,
         [ 0.,  0.,  0.,  0.,  0.,  0.],
         [ 0.,  0.,  0.,  0.,  0.,  0.],
         [ 0.,  0.,  0.,  0.,  0.,  0.]],

        ...,

        [[ 0.,  0.,  0.,  0.,  0.,  0.],
         [ 0.,  0.,  0.,  0.,  0.,  0.],
         [ 0.,  0.,  0.,  0.,  0.,  0.],
         ...,
         [ 0.,  0.,  0.,  0.,  0.,  0.],
         [ 0.,  0.,  0.,  0.,  0.,  0.],
         [ 0.,  0.,  0.,  0.,  0.,  0.]],

        [[ 0.,  0.,  0.,  0.,  0.,  0.],
         [ 0.,  0.,  0.,  0.,  0.,  0.],
         [ 0.,  0.,  0.,  0.,  0.,  0.],
         ...,
         [ 0.,  0.,  0.,  0.,  0.,  0.],
         [ 0.,  0.,  0.,  0.,  0.,  0.],
         [ 0.,  0.,  0.,  0.,  0.,  0.]],

        [[ 0.,  0.,  0.,  0.,  0.,  0.],
         [ 0.,  0.,  0.,  0.,  0.,  0.],
         [ 0.,  0.,  0.,  0.,  0.,  0.],
         ...,
         [ 0.,  0.,  0.,  0.,  0.,  0.],
         [ 0.,  0.,  0.,  0.,  0.,  0.],
         [ 0.,  0.,  0.,  0.,  0.,  0.]]],


       [[[ 0.,  0.,  0.,  0.,  0.,  0.],
         [ 0.,  0.,  0.,  0.,  0.,  0.],
         [ 0.,  0.,  0.,  0.,  0.,  0.],
         ...,
         [ 0.,  0.,  0.,  0.,  0.,  0.],
         [ 0.,  0.,  0.,  0.,  0.,  0.],
         [ 0.,  0.,  0.,  0.,  0.,  0.]],

        [[ 3.,  4.,  0.,  6.,  2.,  0.],
         [ 3.,  1.,  6.,  5.,  4.,  3.],
         [ 3.,  4.,  7.,  3.,  4.,  3.],
         ...,
         [ 3.,  5.,  7., 13.,  1.,  3.],
         [ 3.,  2.,  4.,  5.,  6.,  2.],
         [ 6.,  2.,  9.,  7.,  5.,  9.]],

        [[ 2.,  6.,  2.,  5.,  1.,  5.],
         [ 4.,  1.,  2.,  6.,  4.,  3.],
         [ 6.,  6.,  7.,  5.,  6.,  3.],
         ...,
         [ 6.,  5.,  3.,  1.,  4.,  2.],
         [ 9.,  4.,  0.,  8.,  3.,  6.],
         [ 4.,  1.,  5.,  7.,  3.,  4.]],

        ...,

        [[ 7.,  6.,  3.,  5.,  3.,  3.],
         [ 6.,  3.,  2., 11.,  4.,  4.],
         [ 6.,  7.,  6., 10.,  6.,  9.],
         ...,
         [ 3.,  6., 13.,  9.,  9.,  6.],
         [ 5.,  7.,  4.,  8.,  4.,  6.],
         [ 2.,  5.,  7.,  6.,  5.,  5.]],

        [[ 8.,  3.,  2.,  4.,  0.,  5.],
         [ 7.,  1.,  6.,  2.,  4.,  6.],
         [14.,  3.,  2., 11.,  1.,  6.],
         ...,
         [ 8.,  1., 14.,  6., 10.,  3.],
         [ 0.,  6.,  2.,  4.,  4.,  3.],
         [ 5.,  4.,  5.,  8.,  3.,  5.]],

        [[ 1.,  1.,  1.,  3.,  4.,  3.],
         [ 2.,  2.,  3.,  6., 12.,  2.],
         [ 3.,  0.,  7., 10.,  0.,  4.],
         ...,
         [ 5.,  9.,  6., 14.,  2.,  3.],
         [ 3.,  7.,  9.,  4.,  5.,  4.],
         [ 4., 11.,  4.,  6.,  8.,  3.]]],


       [[[ 0.,  0.,  0.,  0.,  0.,  0.],
         [ 0.,  0.,  0.,  0.,  0.,  0.],
         [ 0.,  0.,  0.,  0.,  0.,  0.],
         ...,
         [ 0.,  0.,  0.,  0.,  0.,  0.],
         [ 0.,  0.,  0.,  0.,  0.,  0.],
         [ 0.,  0.,  0.,  0.,  0.,  0.]],

        [[ 6.,  2.,  5.,  3.,  6.,  2.],
         [ 1.,  6.,  6.,  7.,  4.,  2.],
         [ 1.,  0.,  4.,  3.,  1.,  6.],
         ...,
         [ 5.,  9.,  1.,  3.,  5.,  8.],
         [ 3.,  4.,  3.,  4.,  5.,  4.],
         [ 4.,  1.,  2.,  4.,  6.,  2.]],

        [[ 9.,  3.,  3.,  3.,  2.,  5.],
         [ 3.,  2.,  4.,  1.,  6.,  4.],
         [ 7.,  7.,  6.,  5.,  6.,  1.],
         ...,
         [ 5.,  5.,  9.,  4.,  1.,  4.],
         [ 2.,  9.,  3.,  3.,  0.,  2.],
         [ 8.,  8.,  4.,  4.,  3.,  7.]],

        ...,

        [[ 3.,  8.,  4.,  6., 11.,  6.],
         [ 1.,  3.,  2., 12.,  3.,  3.],
         [ 6.,  3.,  2.,  6.,  4., 11.],
         ...,
         [10.,  5.,  7., 13.,  6.,  3.],
         [ 5.,  4.,  5.,  6.,  2.,  4.],
         [ 3.,  7.,  5.,  3.,  2.,  5.]],

        [[ 5.,  8., 10.,  6.,  6.,  8.],
         [ 1.,  4.,  0.,  3.,  2.,  5.],
         [ 8.,  6.,  2.,  6.,  6.,  1.],
         ...,
         [ 9., 10.,  7.,  4.,  4.,  5.],
         [ 7.,  9.,  4.,  2.,  4.,  6.],
         [ 5.,  0.,  4.,  5.,  5.,  1.]],

        [[ 3.,  3.,  5., 11.,  9.,  6.],
         [ 3.,  2.,  4.,  4.,  3.,  8.],
         [ 3.,  4.,  3.,  6., 13.,  5.],
         ...,
         [ 2.,  1.,  6.,  2.,  5.,  5.],
         [ 3.,  3., 12.,  9.,  5.,  3.],
         [ 1., 11.,  3.,  3.,  2.,  5.]]],


       ...,


       [[[ 0.,  0.,  0.,  0.,  0.,  0.],
         [ 0.,  0.,  0.,  0.,  0.,  0.],
         [ 0.,  0.,  0.,  0.,  0.,  0.],
         ...,
         [ 0.,  0.,  0.,  0.,  0.,  0.],
         [ 0.,  0.,  0.,  0.,  0.,  0.],
         [ 0.,  0.,  0.,  0.,  0.,  0.]],

        [[ 7.,  5.,  4.,  8.,  3.,  3.],
         [ 6.,  5.,  5.,  4.,  1.,  2.],
         [ 7.,  3.,  6.,  7.,  1.,  4.],
         ...,
         [ 3.,  6.,  5.,  7.,  6.,  1.],
         [ 8.,  6.,  5.,  5.,  8.,  7.],
         [13., 13.,  5.,  4.,  8.,  4.]],

        [[13.,  9.,  2.,  2.,  6.,  2.],
         [ 5.,  4.,  8.,  4.,  8.,  2.],
         [ 7.,  1.,  6.,  4.,  7.,  3.],
         ...,
         [ 4.,  0.,  6.,  6.,  7.,  6.],
         [ 8.,  5.,  3.,  5.,  5.,  3.],
         [ 5.,  7.,  9.,  6.,  2.,  6.]],

        ...,

        [[ 3.,  2.,  3.,  2.,  5.,  7.],
         [ 5.,  2.,  4.,  3., 10.,  1.],
         [ 2.,  1.,  1., 13.,  3.,  6.],
         ...,
         [ 4.,  3.,  3.,  2.,  6.,  5.],
         [ 5.,  0.,  9.,  3.,  2.,  1.],
         [ 7.,  4.,  7.,  2.,  5.,  7.]],

        [[ 2.,  9., 10.,  1.,  5.,  3.],
         [ 1.,  6.,  4.,  3.,  5.,  0.],
         [ 7.,  4.,  3.,  7.,  5.,  5.],
         ...,
         [ 9.,  6.,  8.,  3.,  8.,  2.],
         [ 5.,  6.,  6.,  4.,  5.,  3.],
         [ 3.,  8.,  2.,  5.,  5.,  5.]],

        [[ 5.,  9.,  4.,  5., 10.,  2.],
         [ 7.,  6.,  8.,  5., 10.,  7.],
         [ 5.,  7.,  5.,  1.,  2.,  2.],
         ...,
         [ 3.,  3.,  4.,  6.,  3.,  1.],
         [ 2.,  4.,  3.,  9.,  4.,  2.],
         [ 2.,  8.,  9.,  1.,  6.,  2.]]],


       [[[ 0.,  0.,  0.,  0.,  0.,  0.],
         [ 0.,  0.,  0.,  0.,  0.,  0.],
         [ 0.,  0.,  0.,  0.,  0.,  0.],
         ...,
         [ 0.,  0.,  0.,  0.,  0.,  0.],
         [ 0.,  0.,  0.,  0.,  0.,  0.],
         [ 0.,  0.,  0.,  0.,  0.,  0.]],

        [[ 3.,  4.,  3.,  4.,  3.,  6.],
         [ 3.,  5.,  3.,  6.,  2.,  7.],
         [ 4.,  1.,  3.,  3.,  6.,  6.],
         ...,
         [ 8.,  9.,  2.,  0.,  7.,  3.],
         [ 6.,  2.,  1.,  5., 11.,  2.],
         [ 3.,  3.,  8.,  8.,  7., 10.]],

        [[ 2.,  6.,  8.,  3.,  6.,  2.],
         [ 5.,  2.,  3.,  8.,  8.,  9.],
         [ 4.,  5.,  6.,  2.,  8.,  7.],
         ...,
         [ 6.,  3.,  3.,  5.,  3.,  0.],
         [ 5., 10.,  7.,  4., 11.,  2.],
         [ 4.,  5.,  7.,  8.,  3.,  2.]],

        ...,

        [[ 2.,  6.,  5.,  3.,  5.,  6.],
         [ 3.,  4.,  3.,  7.,  5.,  1.],
         [ 3.,  3.,  8.,  9.,  2.,  7.],
         ...,
         [ 1.,  3.,  4.,  5.,  1.,  5.],
         [ 4.,  7.,  7.,  6.,  4.,  3.],
         [ 0.,  5.,  4.,  4.,  5.,  4.]],

        [[ 5.,  6.,  9.,  6.,  4.,  3.],
         [ 3.,  4.,  3.,  3.,  5.,  8.],
         [10.,  2.,  3.,  2.,  2.,  5.],
         ...,
         [10.,  1.,  2.,  1.,  3.,  3.],
         [ 3.,  6.,  6.,  8.,  2.,  8.],
         [ 2.,  3.,  4.,  3.,  7.,  8.]],

        [[ 0.,  5.,  6.,  5.,  4.,  3.],
         [ 8.,  5.,  6.,  6.,  7.,  2.],
         [ 3.,  8.,  0.,  6.,  4.,  5.],
         ...,
         [ 1.,  4.,  1.,  5.,  7.,  2.],
         [ 7.,  8.,  3.,  4.,  8.,  9.],
         [ 4.,  1.,  4.,  3.,  8.,  4.]]],


       [[[ 0.,  0.,  0.,  0.,  0.,  0.],
         [ 0.,  0.,  0.,  0.,  0.,  0.],
         [ 0.,  0.,  0.,  0.,  0.,  0.],
         ...,
         [ 0.,  0.,  0.,  0.,  0.,  0.],
         [ 0.,  0.,  0.,  0.,  0.,  0.],
         [ 0.,  0.,  0.,  0.,  0.,  0.]],

        [[ 5.,  7.,  6.,  2.,  0.,  4.],
         [ 2.,  7.,  0.,  4., 11.,  6.],
         [ 3.,  1.,  5.,  6.,  8.,  6.],
         ...,
         [ 3.,  0.,  4.,  6.,  5.,  5.],
         [ 5.,  6.,  7.,  8.,  6.,  2.],
         [ 5.,  9.,  2.,  6.,  4.,  7.]],

        [[ 5.,  5.,  4.,  2.,  3.,  4.],
         [ 1.,  3.,  2.,  3.,  2.,  7.],
         [ 6.,  2.,  5.,  0.,  3.,  8.],
         ...,
         [ 3.,  1.,  3.,  3.,  6.,  0.],
         [ 4.,  5.,  2.,  6.,  6.,  4.],
         [10.,  7.,  8.,  4.,  2.,  7.]],

        ...,

        [[ 3.,  4.,  5.,  1.,  2.,  2.],
         [ 3.,  5.,  8.,  5.,  7.,  1.],
         [ 8.,  5.,  7.,  9.,  5.,  7.],
         ...,
         [ 0.,  3.,  2.,  1.,  4.,  8.],
         [ 3.,  6.,  4.,  4.,  4.,  5.],
         [ 8.,  1.,  2.,  3.,  6.,  9.]],

        [[ 3.,  4.,  7.,  7.,  4.,  5.],
         [ 6.,  2.,  4.,  2.,  2.,  8.],
         [ 5.,  3.,  3.,  6.,  2., 11.],
         ...,
         [ 4.,  2.,  5.,  3.,  6.,  0.],
         [ 6.,  4.,  4.,  9.,  3.,  3.],
         [ 3.,  3.,  4.,  9.,  6.,  3.]],

        [[ 4.,  9.,  7.,  6., 10.,  2.],
         [ 4.,  6.,  4.,  7., 13.,  4.],
         [ 5.,  3.,  6.,  5.,  4.,  6.],
         ...,
         [ 4., 10.,  2.,  6.,  4.,  5.],
         [ 6.,  4.,  3.,  7.,  5.,  4.],
         [ 7.,  6.,  6.,  6.,  3.,  6.]]]]), array([[[[ 0.,  0.,  0.,  0.,  0.,  0.],
         [ 0.,  0.,  0.,  0.,  0.,  0.],
         [ 0.,  0.,  0.,  0.,  0.,  0.],
         ...,
         [ 0.,  0.,  0.,  0.,  0.,  0.],
         [ 0.,  0.,  0.,  0.,  0.,  0.],
         [ 0.,  0.,  0.,  0.,  0.,  0.]],

        [[ 0.,  0.,  0.,  0.,  0.,  0.],
         [ 0.,  0.,  0.,  0.,  0.,  0.],
         [ 0.,  0.,  0.,  0.,  0.,  0.],
         ...,
         [ 0.,  0.,  0.,  0.,  0.,  0.],
         [ 0.,  0.,  0.,  0.,  0.,  0.],
         [ 0.,  0.,  0.,  0.,  0.,  0.]],

        [[ 0.,  0.,  0.,  0.,  0.,  0.],
         [ 0.,  0.,  0.,  0.,  0.,  0.],
         [ 0.,  0.,  0.,  0.,  0.,  0.],
         ...,
         [ 0.,  0.,  0.,  0.,  0.,  0.],
         [ 0.,  0.,  0.,  0.,  0.,  0.],
         [ 0.,  0.,  0.,  0.,  0.,  0.]],

        ...,

        [[ 0.,  0.,  0.,  0.,  0.,  0.],
         [ 0.,  0.,  0.,  0.,  0.,  0.],
         [ 0.,  0.,  0.,  0.,  0.,  0.],
         ...,
         [ 0.,  0.,  0.,  0.,  0.,  0.],
         [ 0.,  0.,  0.,  0.,  0.,  0.],
         [ 0.,  0.,  0.,  0.,  0.,  0.]],

        [[ 0.,  0.,  0.,  0.,  0.,  0.],
         [ 0.,  0.,  0.,  0.,  0.,  0.],
         [ 0.,  0.,  0.,  0.,  0.,  0.],
         ...,
         [ 0.,  0.,  0.,  0.,  0.,  0.],
         [ 0.,  0.,  0.,  0.,  0.,  0.],
         [ 0.,  0.,  0.,  0.,  0.,  0.]],

        [[ 0.,  0.,  0.,  0.,  0.,  0.],
         [ 0.,  0.,  0.,  0.,  0.,  0.],
         [ 0.,  0.,  0.,  0.,  0.,  0.],
         ...,
         [ 0.,  0.,  0.,  0.,  0.,  0.],
         [ 0.,  0.,  0.,  0.,  0.,  0.],
         [ 0.,  0.,  0.,  0.,  0.,  0.]]],


       [[[ 0.,  0.,  0.,  0.,  0.,  0.],
         [ 0.,  0.,  0.,  0.,  0.,  0.],
         [ 0.,  0.,  0.,  0.,  0.,  0.],
         ...,
         [ 0.,  0.,  0.,  0.,  0.,  0.],
         [ 0.,  0.,  0.,  0.,  0.,  0.],
         [ 0.,  0.,  0.,  0.,  0.,  0.]],

        [[ 3.,  2.,  4.,  3.,  7.,  7.],
         [ 4.,  1.,  3.,  4.,  9.,  7.],
         [ 2., 12.,  3.,  2.,  3.,  4.],
         ...,
         [ 5.,  9.,  3.,  3.,  7., 12.],
         [ 7.,  6.,  1.,  1.,  7.,  7.],
         [ 2.,  3.,  0., 12., 10.,  7.]],

        [[ 4.,  6.,  1.,  6.,  5.,  8.],
         [ 2.,  4.,  5.,  5.,  4.,  1.],
         [ 2.,  1.,  8.,  6.,  2.,  3.],
         ...,
         [ 6.,  8.,  1.,  8.,  7.,  7.],
         [ 8.,  1.,  7.,  6.,  2.,  8.],
         [ 2., 10.,  1.,  4.,  2.,  3.]],

        ...,

        [[ 4.,  7.,  6.,  4.,  3.,  6.],
         [ 1.,  3.,  6.,  3.,  8.,  8.],
         [ 4.,  4.,  3., 13.,  8., 11.],
         ...,
         [ 5.,  2.,  1.,  7.,  8.,  5.],
         [ 8.,  4., 16.,  4.,  4.,  3.],
         [ 0.,  4.,  2.,  3.,  5.,  6.]],

        [[ 7.,  5.,  5.,  4.,  3.,  5.],
         [ 5.,  6.,  3.,  3.,  7.,  4.],
         [ 5.,  4.,  3.,  3., 15.,  5.],
         ...,
         [ 1.,  6., 10., 11., 11.,  2.],
         [ 2.,  5.,  2.,  1.,  6.,  7.],
         [ 4.,  7.,  1.,  3.,  4.,  6.]],

        [[ 6.,  6.,  8.,  4.,  5.,  1.],
         [ 3.,  4.,  2.,  8.,  5.,  6.],
         [ 8.,  5.,  5., 11., 10.,  8.],
         ...,
         [ 8.,  2., 17.,  4.,  5., 12.],
         [ 8.,  8.,  4.,  1.,  8.,  2.],
         [ 2.,  2.,  4.,  5.,  3., 11.]]],


       [[[ 0.,  0.,  0.,  0.,  0.,  0.],
         [ 0.,  0.,  0.,  0.,  0.,  0.],
         [ 0.,  0.,  0.,  0.,  0.,  0.],
         ...,
         [ 0.,  0.,  0.,  0.,  0.,  0.],
         [ 0.,  0.,  0.,  0.,  0.,  0.],
         [ 0.,  0.,  0.,  0.,  0.,  0.]],

        [[ 5.,  1.,  1.,  3.,  8.,  3.],
         [ 3.,  7.,  8.,  1., 11.,  6.],
         [ 6.,  1.,  4.,  4.,  3.,  4.],
         ...,
         [ 9., 13.,  2.,  7.,  4.,  4.],
         [10.,  6.,  3.,  7.,  0., 11.],
         [ 5.,  0.,  2.,  7.,  7., 11.]],

        [[ 4.,  1.,  0.,  4.,  7.,  6.],
         [ 2.,  5.,  5.,  1.,  7.,  3.],
         [ 6.,  1.,  4.,  4.,  5.,  4.],
         ...,
         [ 3.,  2.,  3.,  2.,  6.,  5.],
         [ 9.,  1.,  5.,  6.,  3.,  6.],
         [ 5.,  5.,  4.,  7.,  8.,  5.]],

        ...,

        [[ 3.,  5.,  5.,  3.,  2.,  5.],
         [ 3.,  4.,  6.,  2.,  8.,  3.],
         [ 4.,  2.,  3.,  9.,  5.,  6.],
         ...,
         [ 5.,  1.,  5.,  4.,  3.,  7.],
         [ 7.,  1., 14.,  5.,  2.,  4.],
         [ 3.,  8.,  4.,  3.,  5.,  1.]],

        [[ 6.,  1.,  3.,  3.,  9.,  4.],
         [ 2.,  6.,  5.,  3., 15.,  0.],
         [ 6.,  2.,  3.,  3., 10.,  5.],
         ...,
         [ 3.,  3.,  6.,  1.,  8.,  6.],
         [ 9., 10.,  0.,  1.,  4.,  1.],
         [ 3.,  5.,  7.,  2.,  2.,  9.]],

        [[ 0.,  2.,  6.,  7.,  6.,  6.],
         [ 9.,  4.,  7., 11.,  0.,  2.],
         [ 6.,  1.,  8., 10.,  3.,  5.],
         ...,
         [ 2.,  7.,  7.,  3.,  0.,  4.],
         [ 3.,  5.,  2., 10.,  7.,  8.],
         [ 5.,  9.,  8.,  3.,  3.,  3.]]],


       ...,


       [[[ 0.,  0.,  0.,  0.,  0.,  0.],
         [ 0.,  0.,  0.,  0.,  0.,  0.],
         [ 0.,  0.,  0.,  0.,  0.,  0.],
         ...,
         [ 0.,  0.,  0.,  0.,  0.,  0.],
         [ 0.,  0.,  0.,  0.,  0.,  0.],
         [ 0.,  0.,  0.,  0.,  0.,  0.]],

        [[ 6.,  7.,  1.,  6.,  0.,  2.],
         [ 4.,  3.,  3.,  9.,  4.,  0.],
         [ 3.,  2.,  4.,  6.,  3.,  5.],
         ...,
         [ 2.,  3.,  4.,  2., 12.,  4.],
         [ 6.,  5.,  1.,  2.,  7.,  8.],
         [ 4.,  4.,  5.,  7.,  5.,  2.]],

        [[ 7.,  7.,  5.,  5.,  3.,  5.],
         [13.,  9.,  2.,  3.,  4.,  6.],
         [ 9.,  3.,  2.,  4.,  1.,  1.],
         ...,
         [10.,  3.,  6.,  5.,  3.,  7.],
         [ 1., 12.,  6.,  8.,  5.,  7.],
         [ 4.,  3.,  8.,  9.,  4.,  5.]],

        ...,

        [[ 3.,  5.,  4.,  5.,  1.,  1.],
         [ 3.,  3.,  4.,  2.,  5.,  3.],
         [ 2.,  5., 10.,  1.,  2.,  1.],
         ...,
         [ 6.,  6.,  7.,  2.,  2.,  3.],
         [ 7.,  8.,  5.,  7.,  6.,  2.],
         [ 3.,  6.,  5.,  3.,  1., 10.]],

        [[ 8.,  3.,  5.,  4.,  7., 12.],
         [ 0.,  0.,  5.,  6.,  5.,  5.],
         [ 5.,  9.,  9.,  3.,  4.,  7.],
         ...,
         [ 1.,  4.,  5.,  5.,  8.,  9.],
         [ 2.,  1.,  9.,  5.,  2.,  1.],
         [ 6.,  5.,  5.,  0.,  2.,  1.]],

        [[ 7.,  3.,  2.,  5.,  2.,  3.],
         [ 1.,  5., 10., 10.,  3.,  5.],
         [ 7.,  8.,  7.,  6.,  2.,  3.],
         ...,
         [ 8.,  2.,  9.,  5.,  4.,  5.],
         [ 8.,  3.,  8.,  7.,  5.,  7.],
         [ 3.,  1.,  2.,  3., 10.,  1.]]],


       [[[ 0.,  0.,  0.,  0.,  0.,  0.],
         [ 0.,  0.,  0.,  0.,  0.,  0.],
         [ 0.,  0.,  0.,  0.,  0.,  0.],
         ...,
         [ 0.,  0.,  0.,  0.,  0.,  0.],
         [ 0.,  0.,  0.,  0.,  0.,  0.],
         [ 0.,  0.,  0.,  0.,  0.,  0.]],

        [[ 3., 10., 12.,  4.,  3.,  1.],
         [ 6.,  5.,  3., 10.,  1.,  2.],
         [ 5.,  4.,  7.,  5.,  5.,  2.],
         ...,
         [ 4.,  4.,  8.,  4.,  3.,  3.],
         [11.,  6.,  5.,  4.,  0.,  1.],
         [ 4.,  1.,  4.,  8., 10.,  4.]],

        [[ 9.,  7., 10.,  5.,  6., 11.],
         [10.,  3.,  5.,  4.,  5.,  1.],
         [ 9.,  6.,  8.,  3.,  6.,  5.],
         ...,
         [11.,  7.,  5.,  2.,  4.,  9.],
         [ 2., 12.,  3.,  4.,  5.,  5.],
         [ 5.,  3.,  8.,  6.,  4., 10.]],

        ...,

        [[ 4.,  2., 12.,  4.,  2.,  1.],
         [ 3.,  1.,  3.,  7.,  8.,  2.],
         [ 1.,  5.,  9., 10.,  2.,  5.],
         ...,
         [ 3.,  4.,  2.,  3.,  3.,  1.],
         [10.,  4.,  8., 12.,  2.,  5.],
         [ 3.,  5.,  3.,  3.,  2.,  9.]],

        [[ 8.,  6.,  2.,  2.,  6.,  7.],
         [ 6.,  2.,  5.,  2.,  8.,  9.],
         [ 4.,  6.,  6.,  8.,  4.,  3.],
         ...,
         [ 1.,  7.,  4.,  6.,  5.,  8.],
         [ 5., 13.,  5.,  5.,  7.,  5.],
         [ 5.,  5.,  7.,  5.,  6., 10.]],

        [[ 9.,  4.,  7.,  0.,  7.,  5.],
         [12.,  3., 11.,  9.,  6.,  1.],
         [ 5.,  4., 10., 10.,  6.,  0.],
         ...,
         [ 5.,  3.,  7.,  4.,  6.,  0.],
         [ 8.,  8.,  6.,  4.,  3., 10.],
         [ 5.,  2.,  4.,  6.,  4.,  3.]]],


       [[[ 0.,  0.,  0.,  0.,  0.,  0.],
         [ 0.,  0.,  0.,  0.,  0.,  0.],
         [ 0.,  0.,  0.,  0.,  0.,  0.],
         ...,
         [ 0.,  0.,  0.,  0.,  0.,  0.],
         [ 0.,  0.,  0.,  0.,  0.,  0.],
         [ 0.,  0.,  0.,  0.,  0.,  0.]],

        [[ 3.,  5., 11.,  6.,  3.,  6.],
         [ 3.,  2.,  1.,  3.,  2.,  5.],
         [ 9.,  2.,  6.,  7.,  3.,  4.],
         ...,
         [ 5.,  5.,  5.,  1.,  9.,  4.],
         [ 5.,  2.,  6.,  4.,  6.,  4.],
         [ 4.,  3.,  6.,  1.,  5.,  6.]],

        [[ 4.,  6.,  3.,  8.,  4.,  7.],
         [ 6.,  8.,  3.,  2.,  3.,  2.],
         [ 4.,  4.,  6.,  7.,  8.,  4.],
         ...,
         [ 3.,  7.,  3.,  2.,  5.,  1.],
         [ 1.,  8.,  5.,  1.,  1.,  2.],
         [ 5.,  6.,  7.,  5.,  6.,  8.]],

        ...,

        [[ 7.,  7.,  9.,  1.,  2.,  1.],
         [ 2.,  1.,  0.,  2.,  8.,  5.],
         [ 5.,  7.,  0., 14.,  3.,  2.],
         ...,
         [10.,  3.,  2.,  5.,  6.,  2.],
         [ 5.,  3.,  2.,  9.,  6.,  3.],
         [ 8.,  5.,  5., 14.,  3., 10.]],

        [[ 4., 10.,  2.,  3.,  4.,  6.],
         [ 5.,  4.,  6.,  2.,  5., 14.],
         [ 7., 11.,  6.,  9.,  4.,  2.],
         ...,
         [ 6.,  3.,  2.,  3.,  1.,  7.],
         [ 5.,  9.,  4.,  8.,  7.,  3.],
         [ 6.,  4.,  5.,  1.,  9.,  7.]],

        [[ 4.,  3.,  3.,  3.,  6.,  4.],
         [14.,  2.,  2., 12.,  4.,  6.],
         [ 5.,  7.,  3.,  5.,  7.,  2.],
         ...,
         [ 1.,  2.,  6.,  2.,  2.,  4.],
         [ 5.,  5.,  2.,  7.,  1.,  5.],
         [ 5.,  3.,  1.,  9.,  2.,  8.]]]])]
TR_list: [30, 30]
